104
110.414 49.0492
88.2741 84.0641
53.5231 62.0429
77.1981 96.7937
23.7881 8.73329
26.035 55.1506
68.283 64.346
22.729 93.5731
49.5931 78.1993
40.7406 60.8759
30.0029 28.4672
89.0916 95.8027
62.2524 73.2056
49.7407 98.8905
63.135 93.3484
30.9483 38.9928
43.4721 86.7899
21.872 34.6863
24.8058 65.6052
67.0188 84.0547
34.8044 18.3068
61.8951 55.7633
42.3808 29.6094
74.4517 75.3186
34.6534 69.3911
54.8433 44.3959
40.8606 50.8643
43.5377 40.7094
101.161 94.2282
103.988 26.8271
103.603 59.128
103.744 77.4684
103.819 10.3574
106.512 41.7578
152.826 99.2374
132.814 95.1697
122.789 98.8376
170.043 98.0405
113.063 96.4599
145.029 86.517
185.545 94.0796
184.112 7.47519
147.126 64.732
173.029 48.4182
166.535 36.9783
188.396 79.0835
147.432 76.2013
189.034 68.8177
182.456 17.7005
172.482 86.9864
131.094 66.6866
158.206 65.2292
168.492 63.5183
159.858 46.3591
187.98 52.5904
170.965 21.7156
178.921 32.5239
178.599 74.5869
152.264 54.3889
124.751 86.2771
135.93 81.3478
166.646 76.5268
156.891 88.5046
178.635 60.1931
189.869 35.7399
182.374 44.104
125.137 76.1193
140.271 56.4223
130.228 53.3029
134.217 18.2738
123.898 37.5153
118.174 68.6516
150.872 24.7748
139.286 36.0444
114.111 82.0004
160.053 10.6707
118.517 51.5286
155.991 36.804
122.99 22.3807
174.421 3.70996
119.01 8.85116
146.55 2.59056
132.631 7.48239
131.692 29.4047
76.8948 33.5891
85.1663 11.0453
70.7257 21.8362
76.9572 46.2103
91.5697 20.9881
72.382 6.02237
88.7505 71.9384
52.8459 19.3314
95.9683 40.8806
64.2916 38.2173
42.3066 2.41206
91.365 55.5639
97.6655 0.534053
58.4278 28.579
63.3307 0.383671
61.3785 13.1761
81.0721 56.721
85.3171 0.225819
52.4258 6.55243
44.067 12.8421
