94
140.277 67.2723
136.551 16.6567
119.784 69.5653
143.788 30.8841
118.35 45.78
162.949 3.98083
94.7196 45.2536
119.907 18.7872
136.398 40.5257
100.667 5.26859
42.1822 7.93007
149.2 48.1318
89.3901 7.86998
130.066 28.2649
139.475 59.8168
147.494 74.6011
170.291 38.5619
105.569 59.2016
68.0625 36.8996
117.116 5.98597
63.1669 12.9287
80.4309 13.1871
180.701 26.3176
132.055 7.08955
195.16 9.15144
10.225 3.04603
150.114 85.8178
94.8283 55.8077
165.455 56.1427
131.847 77.0344
179.432 9.87615
92.9782 26.2757
109.615 26.1595
121.578 80.2878
101.122 17.8699
154.734 61.2121
123.885 58.3106
189.103 0.687036
79.3233 51.4039
160.4 26.0565
80.1317 34.3127
117.045 35.7064
157.019 12.7436
159.542 75.5327
107.163 37.6483
154.264 36.6722
149.361 21.782
52.2422 34.6653
138.503 86.4596
151.663 96.1487
170.62 28.4623
70.4121 26.6149
70.4924 46.656
172.195 17.215
164.4 66.6411
160.274 47.1198
106.576 69.9962
146.296 1.46644
79.7673 0.949639
199.874 136.538
194.636 199.902
165.382 90.1391
188.799 120.115
191.699 50.4919
170.164 158.108
181.782 98.8219
191.585 223.797
188.925 64.5774
197.033 40.8696
161.333 132.241
161.191 117.305
178.287 136.954
173.058 114.43
193.975 77.1848
199.82 88.0479
194.919 162.303
186.809 40.8106
199.646 56.6771
175.808 90.1729
186.889 87.1202
159.094 105.479
176.6 70.3332
191.254 103.733
198.105 113.417
167.373 141.06
181.265 183.379
190.298 132.128
177.508 49.9407
199.615 67.5012
171.075 125.168
171.568 103.258
199.389 243.279
198.273 20.5882
195.524 30.3184
