111
101.145 17.7549
7.16453 11.8026
2.12131 -11.9437
11.1859 31.6948
3.38425 69.0836
18.7829 21.0977
1.2062 89.089
37.2255 19.3503
19.9037 6.70006
29.2628 11.7026
26.3698 45.0854
27.333 27.0313
28.7021 56.4354
35.1062 33.89
21.3991 83.2477
41.3766 9.76407
58.2488 19.5023
45.7197 35.0057
44.2023 80.7164
40.7371 65.8032
40.1306 44.1708
50.3517 56.7435
52.8413 45.3579
40.5099 91.0916
48.4871 21.9045
55.3253 30.3852
36.2913 -0.291908
72.137 16.4677
26.1856 -3.58703
54.7541 8.5752
60.745 53.0692
66.262 37.3925
70.9586 50.2234
66.3847 73.8415
71.5843 26.9361
68.1485 61.6901
60.6161 83.0491
88.1277 16.1118
65.3074 7.18233
92.8438 44.2243
83.0692 69.5701
96.8871 30.7093
88.6554 54.7605
82.8274 83.2445
86.2392 30.4207
80.3019 44.7502
111.022 19.2345
101.673 53.8262
111.808 39.3369
102.352 88.5706
101.674 65.9862
108.496 29.6629
100.551 76.2703
75.447 3.44962
102.092 11.3026
129.274 19.3492
124.493 67.8117
122.419 86.4591
126.891 34.0973
136.884 31.8126
121.575 49.4934
126.931 58.1053
140.035 16.1829
119.033 13.1642
44.2509 -8.54734
85.5355 3.40516
54.0301 -5.31369
146.602 27.3222
146.886 44.9642
144.685 70.8877
148.003 61.1378
142.66 83.6276
158.013 27.6215
155.036 16.4282
67.5686 -4.93385
26.3122 -13.5882
166.03 19.7399
171.701 44.699
173.276 33.2985
161.767 57.3797
160.431 95.8672
164.292 70.648
163.784 38.3768
57.5599 -19.1898
180.64 -8.03242
73.5085 -12.9805
144.927 -9.05199
178.52 -18.6835
137.908 -0.742019
156.596 -14.7622
36.7519 -16.0367
90.8689 -19.4905
174.868 1.86187
184.249 8.73504
165.497 6.86363
101.61 -13.6294
123.275 -0.76447
175.786 14.3174
84.6706 -8.62832
115.185 -13.5635
47.4307 -19.7317
133.985 -16.7388
190.248 -2.41999
155.302 2.40177
106.042 -0.10527
165.572 -9.64541
182.497 47.2113
183.624 31.4879
189.051 20.8261
180.894 93.3658
182.893 67.5856
