122
80.3738 69.8945
44.993 85.0321
32.2837 119.277
8.41677 119.563
7.01284 103.721
33.8532 75.427
52.6316 138.853
7.51471 44.0627
136.806 142.842
18.4954 148.511
55.7614 101.511
65.5773 98.9824
114.28 146.025
76.9272 87.0275
32.5909 54.3488
90.0033 115.26
72.0438 75.4886
44.7662 50.8069
114.973 116.722
19.0775 70.2279
61.6831 66.9104
104.068 120.746
82.5046 130.172
125.673 141.669
126.868 127.883
53.1867 111.59
6.93922 22.4861
21.5763 28.7105
84.4036 96.9207
94.7175 100.1
53.452 72.8264
52.2141 60.5495
86.4662 140.328
28.4177 39.6913
18.5407 58.9851
1.78118 87.5429
70.7303 143.916
21.5579 101.442
110.781 134.217
71.2729 119.12
68.2317 128.781
42.7808 116.559
97.4276 149.114
25.5397 126.909
23.3005 112.534
20.7358 87.3531
40.9679 60.4088
38.5787 127.193
5.30081 70.9664
34.3207 99.071
61.9332 86.4474
2.15125 53.8869
55.332 121.937
107.396 108.933
39.3459 39.9788
20.2156 48.48
46.5441 149.39
96.5746 129.239
9.70051 32.2541
37.9988 140.068
138.502 111.825
115.396 56.2283
108.796 84.1365
144.735 55.2176
74.4836 28.5528
30.037 16.5022
136.6 8.63796
124.384 3.10146
108.728 96.1778
149.253 83.2247
83.8286 6.38493
109.657 73.0765
69.2557 38.4366
57.3504 31.3085
131.649 31.2508
60.4988 44.7308
78.5877 67.1318
103.638 33.9806
126.463 76.837
108.004 13.9348
58.9368 16.6849
40.5738 5.33465
120.189 103.369
47.0952 29.0903
148.9 110.004
102.145 59.0605
1.71401 0.795133
90.3098 50.8534
44.1297 15.0351
25.0543 1.14031
98.2319 16.9684
113.099 30.5088
79.0651 50.6845
143.261 121.326
75.2924 15.6256
97.2161 0.575786
134.534 42.6739
51.2145 2.92107
146.581 32.5231
143.94 17.4161
134.217 93.443
85.9219 16.7349
121.774 66.1157
132.092 60.7481
88.9257 73.5171
68.416 5.94296
148.236 2.02945
148.426 71.7902
64.223 54.7115
98.7925 75.1667
99.7421 89.6382
87.599 38.5719
119.928 44.5584
122.433 15.5933
117.783 90.1658
98.9272 45.458
93.6899 28.3214
127.161 115.487
137.934 71.2687
35.5588 28.001
109.738 46.3458
17.2276 13.6077
