69
-6.15753 -4.51973
-19.56 38.1309
-0.339293 19.1722
-10.8911 28.7226
7.25165 7.58237
-47.1509 68.5038
-26.7198 46.2403
17.8826 -3.17897
2.83739 68.3743
2.64262 51.5964
3.38683 33.3098
1.20823 90.2344
9.93926 18.6377
50.8229 68.3093
39.091 52.7025
31.5117 33.775
19.8364 21.2413
20.2465 8.63427
37.708 41.637
80.8062 24.8467
36.1042 5.02281
47.4277 10.6326
70.3192 20.527
56.4822 17.3646
-40.4303 57.9511
-54.4995 75.7587
-4.33595 7.7457
10.3308 -12.929
6.45793 -3.02997
34.7393 -11.752
20.7983 -16.2363
65.1689 -24.5842
46.3011 -17.5065
75.4314 -25.6571
85.9379 -27.2532
56.4752 -18.943
-4.9683 -2.37823
-1.5923 -12.1861
14.9344 -24.582
20.5597 -40.5391
33.6924 -49.7656
41.8952 -58.5905
3.6369 -21.2474
49.7153 -68.9039
-2.41843 -37.1304
-6.83014 -20.7232
-1.80424 -69.7747
-4.27469 -50.9233
-1.30529 -79.8295
-0.212612 -92.4926
-16.7943 -2.26306
-30.5254 -35.8749
-24.3637 -21.6056
-47.5385 -62.5394
-42.1444 -53.7749
-35.3597 -45.0904
-19.5312 -12.482
-15.0519 9.29468
-58.2437 -16.3552
-38.4157 -11.8971
-84.9898 -26.4182
-30.7204 -4.47001
-71.2259 -20.2087
-36.1804 17.9955
-55.1057 17.9627
-24.5233 13.5487
-77.2548 26.6015
-88.0386 27.8154
-63.9529 24.235
